250		
2546		
244	246	7.26144
246	244	7.26144
239	240	6.58192
240	239	6.58192
238	245	3.80804
245	238	3.80804
235	238	4.36976
238	235	4.36976
233	240	4.73308
240	233	4.73308
232	248	6.33826
248	232	6.33826
231	248	6.63338
248	231	6.63338
229	249	6.26076
249	229	6.26076
228	241	0.91326
241	228	0.91326
226	231	4.73556
231	226	4.73556
223	242	6.31408
242	223	6.31408
223	249	6.75676
249	223	6.75676
222	225	6.10204
225	222	6.10204
220	247	6.39158
247	220	6.39158
219	221	4.0517
221	219	4.0517
218	224	3.71566
224	218	3.71566
218	227	5.69904
227	218	5.69904
217	232	5.96006
232	217	5.96006
216	232	5.41756
232	216	5.41756
214	219	2.54448
219	214	2.54448
214	221	6.47528
221	214	6.47528
213	235	5.7691
235	213	5.7691
213	238	6.63834
238	213	6.63834
212	214	5.59488
214	212	5.59488
212	219	5.02138
219	212	5.02138
212	221	5.1584
221	212	5.1584
212	244	2.67902
244	212	2.67902
211	222	3.83904
222	211	3.83904
211	225	6.60238
225	211	6.60238
210	212	3.60406
212	210	3.60406
210	214	4.40138
214	210	4.40138
210	219	2.31136
219	210	2.31136
210	221	2.26858
221	210	2.26858
210	244	6.23844
244	210	6.23844
209	211	0.78678
211	209	0.78678
209	222	4.56134
222	209	4.56134
209	225	7.22424
225	209	7.22424
208	226	2.89044
226	208	2.89044
208	231	5.46902
231	208	5.46902
207	210	1.95796
210	207	1.95796
207	212	3.51354
212	207	3.51354
207	214	6.27378
214	207	6.27378
207	219	4.26436
219	207	4.26436
207	221	1.79924
221	207	1.79924
207	244	5.71516
244	207	5.71516
206	209	7.10954
209	206	7.10954
205	207	6.57572
207	205	6.57572
205	210	4.91784
210	205	4.91784
205	214	4.5539
214	205	4.5539
205	219	3.19734
219	205	3.19734
205	221	5.50498
221	205	5.50498
204	222	5.96812
222	204	5.96812
204	225	3.10186
225	204	3.10186
204	231	7.08784
231	204	7.08784
203	249	2.57176
249	203	2.57176
202	204	2.60834
204	202	2.60834
202	209	6.79272
209	202	6.79272
202	211	6.00904
211	202	6.00904
202	222	3.3728
222	202	3.3728
202	225	3.75472
225	202	3.75472
201	216	7.04506
216	201	7.04506
201	217	6.89316
217	201	6.89316
201	232	2.20534
232	201	2.20534
201	248	4.13416
248	201	4.13416
200	203	3.50362
203	200	3.50362
200	223	6.19008
223	200	6.19008
200	249	3.9277
249	200	3.9277
199	237	4.19554
237	199	4.19554
198	223	5.60232
223	198	5.60232
198	242	1.88294
242	198	1.88294
197	230	6.16094
230	197	6.16094
196	205	3.54516
205	196	3.54516
196	214	5.10446
214	196	5.10446
196	219	5.51986
219	196	5.51986
195	238	7.0618
238	195	7.0618
195	245	5.75732
245	195	5.75732
194	220	7.16162
220	194	7.16162
193	243	5.76972
243	193	5.76972
192	243	4.89614
243	192	4.89614
191	202	3.85392
202	191	3.85392
191	204	4.37782
204	191	4.37782
191	222	5.72508
222	191	5.72508
191	225	7.09652
225	191	7.09652
191	231	7.3997
231	191	7.3997
190	220	2.6846
220	190	2.6846
190	247	4.1416
247	190	4.1416
189	200	7.00786
200	189	7.00786
189	203	3.58298
203	189	3.58298
189	220	5.82986
220	189	5.82986
189	249	5.30534
249	189	5.30534
188	230	3.21842
230	188	3.21842
188	233	5.3165
233	188	5.3165
188	240	5.9272
240	188	5.9272
187	208	4.06534
208	187	4.06534
187	226	2.2692
226	187	2.2692
187	231	2.6133
231	187	2.6133
187	248	7.26392
248	187	7.26392
186	189	3.5805
189	186	3.5805
186	203	6.3891
203	186	6.3891
186	249	6.9409
249	186	6.9409
185	201	4.31272
201	185	4.31272
185	232	6.36058
232	185	6.36058
185	248	1.79552
248	185	1.79552
184	188	4.69092
188	184	4.69092
184	197	3.31762
197	184	3.31762
184	230	2.90842
230	184	2.90842
183	215	1.87054
215	183	1.87054
182	198	4.8794
198	182	4.8794
182	223	5.24024
223	182	5.24024
182	242	6.70282
242	182	6.70282
181	184	5.43368
184	181	5.43368
181	188	6.68236
188	181	6.68236
181	196	7.23788
196	181	7.23788
181	230	3.69706
230	181	3.69706
180	213	2.0801
213	180	2.0801
179	193	6.35872
193	179	6.35872
179	212	5.67052
212	179	5.67052
179	244	4.371
244	179	4.371
178	236	1.77754
236	178	1.77754
177	186	2.19294
186	177	2.19294
177	189	2.17744
189	177	2.17744
177	203	4.2284
203	177	4.2284
177	249	4.83972
249	177	4.83972
176	191	1.29518
191	176	1.29518
176	202	2.66538
202	176	2.66538
176	204	3.79626
204	176	3.79626
176	222	4.49066
222	176	4.49066
176	225	6.16218
225	176	6.16218
175	246	2.21278
246	175	2.21278
174	179	5.76104
179	174	5.76104
174	192	4.84406
192	174	4.84406
174	243	4.5973
243	174	4.5973
172	180	5.03378
180	172	5.03378
172	197	5.65502
197	172	5.65502
172	213	3.67784
213	172	3.67784
172	235	4.58056
235	172	4.58056
171	172	4.27118
172	171	4.27118
171	180	6.26572
180	171	6.26572
171	213	4.18996
213	171	4.18996
171	235	1.92572
235	171	1.92572
171	238	3.51168
238	171	3.51168
171	245	7.14612
245	171	7.14612
170	182	3.98164
182	170	3.98164
170	198	6.34694
198	170	6.34694
170	223	2.26486
223	170	2.26486
170	229	6.77288
229	170	6.77288
170	249	6.98368
249	170	6.98368
169	177	5.31402
177	169	5.31402
169	186	3.48688
186	169	3.48688
169	189	5.51738
189	169	5.51738
169	190	5.7784
190	169	5.7784
169	220	6.26448
220	169	6.26448
168	187	2.5296
187	168	2.5296
168	204	7.1393
204	168	7.1393
168	208	5.5087
208	168	5.5087
168	226	4.6841
226	168	4.6841
168	231	0.16616
231	168	0.16616
168	248	6.49822
248	168	6.49822
167	224	4.66302
224	167	4.66302
166	236	5.87698
236	166	5.87698
165	171	7.2447
171	165	7.2447
165	172	6.09336
172	165	6.09336
165	180	1.08872
180	165	1.08872
165	191	6.61726
191	165	6.61726
165	213	3.10186
213	165	3.10186
164	190	4.36666
190	164	4.36666
164	194	4.48198
194	164	4.48198
164	220	3.10062
220	164	3.10062
164	247	6.18078
247	164	6.18078
163	202	6.0915
202	163	6.0915
163	209	1.3857
209	163	1.3857
163	211	1.05896
211	163	1.05896
163	222	3.40318
222	163	3.40318
163	225	7.24284
225	163	7.24284
162	192	5.87264
192	162	5.87264
161	169	6.55402
169	161	6.55402
161	177	4.52538
177	161	4.52538
161	186	3.79688
186	161	3.79688
161	189	6.66376
189	161	6.66376
161	229	6.51558
229	161	6.51558
161	249	7.34266
249	161	7.34266
160	168	4.24018
168	160	4.24018
160	176	4.07402
176	160	4.07402
160	187	6.69228
187	160	6.69228
160	191	3.3542
191	160	3.3542
160	202	5.35618
202	160	5.35618
160	204	3.93824
204	160	3.93824
160	225	7.01468
225	160	7.01468
160	231	4.12114
231	160	4.12114
159	234	3.4038
234	159	3.4038
159	239	6.50566
239	159	6.50566
158	170	3.54764
170	158	3.54764
158	200	4.46152
200	158	4.46152
158	203	5.65502
203	158	5.65502
158	223	3.28042
223	158	3.28042
158	229	6.1535
229	158	6.1535
158	249	3.55508
249	158	3.55508
157	181	3.39326
181	157	3.39326
157	184	2.92392
184	157	2.92392
157	188	6.51062
188	157	6.51062
157	197	4.43424
197	157	4.43424
157	230	3.47014
230	157	3.47014
156	196	5.19374
196	156	5.19374
156	205	3.15456
205	156	3.15456
156	207	4.69154
207	156	4.69154
156	210	2.73358
210	156	2.73358
156	212	5.21916
212	156	5.21916
156	214	2.1297
214	156	2.1297
156	219	0.4619
219	156	0.4619
156	221	4.5136
221	156	4.5136
155	165	3.10062
165	155	3.10062
155	171	4.64194
171	155	4.64194
155	172	3.09752
172	155	3.09752
155	180	2.01252
180	155	2.01252
155	197	7.24098
197	155	7.24098
155	213	0.96658
213	155	0.96658
155	235	6.00222
235	155	6.00222
155	238	7.4028
238	155	7.4028
154	171	4.97488
171	154	4.97488
154	195	6.82992
195	154	6.82992
154	235	5.76352
235	154	5.76352
154	238	1.4663
238	154	1.4663
154	245	2.48682
245	154	2.48682
153	228	3.46146
228	153	3.46146
153	241	2.63314
241	153	2.63314
152	179	6.34446
179	152	6.34446
152	207	5.45538
207	152	5.45538
152	210	6.59432
210	152	6.59432
152	212	3.62824
212	152	3.62824
152	221	7.2261
221	152	7.2261
152	244	2.0863
244	152	2.0863
152	246	5.8962
246	152	5.8962
151	168	5.74368
168	151	5.74368
151	187	4.25382
187	151	4.25382
151	208	0.24242
208	151	0.24242
151	226	2.97104
226	151	2.97104
151	231	5.70524
231	151	5.70524
150	164	5.6513
164	150	5.6513
150	169	4.11556
169	150	4.11556
150	177	5.22536
177	150	5.22536
150	186	5.01394
186	150	5.01394
150	189	3.74852
189	150	3.74852
150	190	3.83284
190	150	3.83284
150	203	7.03762
203	150	7.03762
150	220	2.57796
220	150	2.57796
149	163	4.61714
163	149	4.61714
149	206	6.3643
206	149	6.3643
149	209	3.32506
209	149	3.32506
149	211	3.6146
211	149	3.6146
149	222	7.0711
222	149	7.0711
149	225	6.8169
225	149	6.8169
148	157	1.06144
157	148	1.06144
148	181	3.4844
181	148	3.4844
148	184	2.10676
184	148	2.10676
148	188	5.46158
188	148	5.46158
148	197	4.3927
197	148	4.3927
148	230	2.50666
230	148	2.50666
147	162	5.83792
162	147	5.83792
147	166	7.36374
166	147	7.36374
146	218	3.87624
218	146	3.87624
146	224	7.05994
224	146	7.05994
146	227	2.8272
227	146	2.8272
145	146	6.5689
146	145	6.5689
144	168	5.983
168	144	5.983
144	185	1.87116
185	144	1.87116
144	187	7.0556
187	144	7.0556
144	201	5.0468
201	144	5.0468
144	204	7.1548
204	144	7.1548
144	231	6.10452
231	144	6.10452
144	232	7.24532
232	144	7.24532
144	248	0.94674
248	144	0.94674
143	152	4.85522
152	143	4.85522
143	175	6.46102
175	143	6.46102
143	179	5.5211
179	143	5.5211
143	193	4.2563
193	143	4.2563
143	212	7.3625
212	143	7.3625
143	244	4.68348
244	143	4.68348
143	246	4.7058
246	143	4.7058
142	154	7.25462
154	142	7.25462
142	155	2.98716
155	142	2.98716
142	165	2.97414
165	142	2.97414
142	171	5.03378
171	142	5.03378
142	172	5.76538
172	142	5.76538
142	180	2.55688
180	142	2.55688
142	195	5.51862
195	142	5.51862
142	213	2.12846
213	142	2.12846
142	235	6.89626
235	142	6.89626
142	238	6.34694
238	142	6.34694
140	147	2.92144
147	140	2.92144
140	162	6.80078
162	140	6.80078
139	156	4.1323
156	139	4.1323
139	196	2.84766
196	139	2.84766
139	205	1.12468
205	139	1.12468
139	210	6.04066
210	139	6.04066
139	214	5.22536
214	139	5.22536
139	219	4.23646
219	139	4.23646
139	221	6.56952
221	139	6.56952
138	151	7.37986
151	138	7.37986
138	188	6.28432
188	138	6.28432
138	226	6.85968
226	138	6.85968
138	233	5.95076
233	138	5.95076
138	239	7.03824
239	138	7.03824
138	240	1.28712
240	138	1.28712
137	145	7.25896
145	137	7.25896
137	146	2.18488
146	137	2.18488
137	183	6.82496
183	137	6.82496
137	215	6.95764
215	137	6.95764
137	218	2.6815
218	137	2.6815
137	224	6.37236
224	137	6.37236
137	227	4.9166
227	137	4.9166
136	159	1.4322
159	136	1.4322
136	234	1.9747
234	136	1.9747
135	141	4.14966
141	135	4.14966
135	181	4.56444
181	135	4.56444
135	230	6.92788
230	135	6.92788
134	137	6.38352
137	134	6.38352
134	145	6.39468
145	134	6.39468
134	146	4.22902
146	134	4.22902
134	227	2.47132
227	134	2.47132
133	166	4.20236
166	133	4.20236
132	154	5.05052
154	132	5.05052
132	171	4.6252
171	132	4.6252
132	235	3.41496
235	132	3.41496
132	238	4.2997
238	132	4.2997
131	143	3.62948
143	131	3.62948
131	179	6.03136
179	131	6.03136
131	193	0.62744
193	131	0.62744
131	243	6.26944
243	131	6.26944
130	194	3.6115
194	130	3.6115
130	234	7.25214
234	130	7.25214
129	133	4.42742
133	129	4.42742
129	147	5.28922
147	129	5.28922
129	166	2.10304
166	129	2.10304
129	178	7.38358
178	129	7.38358
129	236	6.01834
236	129	6.01834
128	136	7.04196
136	128	7.04196
128	159	5.67486
159	128	5.67486
128	173	7.40776
173	128	7.40776
128	239	1.07012
239	128	1.07012
126	183	5.52544
183	126	5.52544
126	215	3.65738
215	126	3.65738
125	148	2.60896
148	125	2.60896
125	157	1.80854
157	125	1.80854
125	172	6.9564
172	125	6.9564
125	181	4.98542
181	125	4.98542
125	184	3.60592
184	125	3.60592
125	197	3.49246
197	125	3.49246
125	230	5.11376
230	125	5.11376
124	142	3.79316
142	124	3.79316
124	155	0.92194
155	124	0.92194
124	165	3.20974
165	124	3.20974
124	171	5.32208
171	124	5.32208
124	172	2.92206
172	124	2.92206
124	180	2.20224
180	124	2.20224
124	197	6.39902
197	124	6.39902
124	213	1.88046
213	124	1.88046
124	235	6.49884
235	124	6.49884
123	175	4.94946
175	123	4.94946
123	246	6.38972
246	123	6.38972
122	139	0.75454
139	122	0.75454
122	156	3.4131
156	122	3.4131
122	196	3.18928
196	122	3.18928
122	205	0.40114
205	122	0.40114
122	207	6.96942
207	122	6.96942
122	210	5.29232
210	122	5.29232
122	214	4.65992
214	122	4.65992
122	219	3.49556
219	122	3.49556
122	221	5.9055
221	122	5.9055
121	158	5.42438
158	121	5.42438
121	170	2.14768
170	121	2.14768
121	182	2.44218
182	121	2.44218
121	198	4.35922
198	121	4.35922
121	223	2.8086
223	121	2.8086
121	242	5.81002
242	121	5.81002
120	145	5.84536
145	120	5.84536
120	161	6.06918
161	120	6.06918
120	229	5.14104
229	120	5.14104
119	120	6.41204
120	119	6.41204
119	134	3.07086
134	119	3.07086
119	137	5.99912
137	119	5.99912
119	145	3.32382
145	119	3.32382
119	146	4.42866
146	119	4.42866
119	227	4.6283
227	119	4.6283
118	124	3.906
124	118	3.906
118	142	7.223
142	118	7.223
118	151	6.62594
151	118	6.62594
118	155	4.80252
155	118	4.80252
118	165	5.05858
165	118	5.05858
118	172	5.37106
172	118	5.37106
118	180	4.77338
180	118	4.77338
118	184	7.06056
184	118	7.06056
118	197	4.27924
197	118	4.27924
118	208	6.59308
208	118	6.59308
118	213	5.70648
213	118	5.70648
117	140	6.74126
140	117	6.74126
117	147	7.31228
147	117	7.31228
117	167	5.84474
167	117	5.84474
117	178	3.8998
178	117	3.8998
117	236	5.25326
236	117	5.25326
116	164	2.5172
164	116	2.5172
116	190	4.9135
190	116	4.9135
116	194	5.32146
194	116	5.32146
116	220	4.97302
220	116	4.97302
116	247	4.73556
247	116	4.73556
115	153	3.17812
153	115	3.17812
115	228	5.03688
228	115	5.03688
115	241	4.1726
241	115	4.1726
114	163	3.42612
163	114	3.42612
114	176	5.17018
176	114	5.17018
114	191	6.29796
191	114	6.29796
114	202	4.53778
202	114	4.53778
114	204	7.14612
204	114	7.14612
114	209	4.7647
209	114	4.7647
114	211	4.16206
211	114	4.16206
114	222	1.2772
222	114	1.2772
114	225	7.37552
225	114	7.37552
113	121	3.33498
121	113	3.33498
113	158	6.10204
158	113	6.10204
113	170	4.48198
170	113	4.48198
113	182	5.29232
182	113	5.29232
113	198	3.10558
198	113	3.10558
113	223	2.8923
223	113	2.8923
113	242	3.44162
242	113	3.44162
112	128	6.1752
128	112	6.1752
112	136	3.49184
136	112	3.49184
112	159	2.69514
159	112	2.69514
112	234	4.98914
234	112	4.98914
112	239	6.64764
239	112	6.64764
110	122	3.31762
122	110	3.31762
110	139	3.72992
139	110	3.72992
110	156	2.45706
156	110	2.45706
110	196	3.30026
196	110	3.30026
110	205	3.34242
205	110	3.34242
110	207	7.14364
207	110	7.14364
110	210	5.18568
210	110	5.18568
110	212	7.161
212	110	7.161
110	214	1.8104
214	110	1.8104
110	219	2.9016
219	110	2.9016
110	221	6.89068
221	110	6.89068
109	126	5.78584
126	109	5.78584
109	137	3.15146
137	109	3.15146
109	146	5.2204
146	109	5.2204
109	183	4.04054
183	109	4.04054
109	215	3.83098
215	109	3.83098
109	218	4.45098
218	109	4.45098
108	110	4.21786
110	108	4.21786
108	122	5.09268
122	108	5.09268
108	135	7.21928
135	108	7.21928
108	139	4.78888
139	108	4.78888
108	156	6.5255
156	108	6.5255
108	181	6.67492
181	108	6.67492
108	196	1.94184
196	108	1.94184
108	205	5.4281
205	108	5.4281
108	214	5.82862
214	108	5.82862
108	219	6.91734
219	108	6.91734
107	130	7.09032
130	107	7.09032
107	173	5.56512
173	107	5.56512
107	200	5.11748
200	107	5.11748
107	203	7.18828
203	107	7.18828
106	123	7.04444
123	106	7.04444
106	131	1.38074
131	106	1.38074
106	143	4.22902
143	106	4.22902
106	179	7.3966
179	106	7.3966
106	193	1.31378
193	106	1.31378
106	243	6.7828
243	106	6.7828
106	246	7.36746
246	106	7.36746
105	106	0.64108
106	105	0.64108
105	123	6.44304
123	105	6.44304
105	131	2.00508
131	105	2.00508
105	143	4.47454
143	105	4.47454
105	193	1.94742
193	105	1.94742
105	243	7.23788
243	105	7.23788
105	246	7.19448
246	105	7.19448
104	144	5.05982
144	104	5.05982
104	185	4.92032
185	104	4.92032
104	201	1.61014
201	104	1.61014
104	217	5.93216
217	104	5.93216
104	232	3.03056
232	104	3.03056
104	248	4.1168
248	104	4.1168
103	174	2.29896
174	103	2.29896
103	192	2.65794
192	103	2.65794
103	243	3.55322
243	103	3.55322
102	138	6.09522
138	102	6.09522
102	187	5.81188
187	102	5.81188
102	226	4.8205
226	102	4.8205
102	240	7.2788
240	102	7.2788
101	108	3.40442
108	101	3.40442
101	110	4.82546
110	101	4.82546
101	122	3.1558
122	101	3.1558
101	125	6.52302
125	101	6.52302
101	139	2.46946
139	101	2.46946
101	156	6.1566
156	101	6.1566
101	157	6.73878
157	101	6.73878
101	181	6.40832
181	101	6.40832
101	196	1.9313
196	101	1.9313
101	205	3.55508
205	101	3.55508
101	214	6.61044
214	101	6.61044
101	219	6.37298
219	101	6.37298
100	103	4.0796
103	100	4.0796
100	133	5.02138
133	100	5.02138
100	174	4.23274
174	100	4.23274
100	192	4.37472
192	100	4.37472
99	129	6.6743
129	99	6.6743
99	140	3.193
140	99	3.193
99	147	1.96602
147	99	1.96602
99	162	4.0021
162	99	4.0021
98	117	7.0835
117	98	7.0835
98	178	3.21346
178	98	3.21346
98	236	2.74846
236	98	2.74846
97	144	4.42556
144	97	4.42556
97	160	5.42872
160	97	5.42872
97	168	6.76048
168	97	6.76048
97	176	6.80326
176	97	6.80326
97	185	4.82298
185	97	4.82298
97	191	7.16844
191	97	7.16844
97	202	5.4994
202	97	5.4994
97	204	3.06962
204	97	3.06962
97	225	3.51168
225	97	3.51168
97	231	6.78156
231	97	6.78156
97	248	5.33076
248	97	5.33076
96	199	0.97278
199	96	0.97278
96	237	4.06286
237	96	4.06286
95	115	5.84226
115	95	5.84226
95	153	7.2602
153	95	7.2602
95	216	7.3067
216	95	7.3067
94	141	5.0034
141	94	5.0034
94	198	5.61286
198	94	5.61286
94	242	5.6389
242	94	5.6389
93	97	4.681
97	93	4.681
93	144	5.19002
144	93	5.19002
93	160	2.7032
160	93	2.7032
93	168	2.25742
168	93	2.25742
93	176	6.5534
176	93	6.5534
93	185	6.85162
185	93	6.85162
93	187	4.7368
187	93	4.7368
93	191	6.01648
191	93	6.01648
93	202	7.13124
202	93	7.13124
93	204	4.90296
204	93	4.90296
93	226	6.93656
226	93	6.93656
93	231	2.22828
231	93	2.22828
93	248	5.95696
248	93	5.95696
92	122	7.25524
122	92	7.25524
92	132	4.94264
132	92	4.94264
92	139	7.03638
139	92	7.03638
92	171	5.55582
171	92	5.55582
92	172	5.76352
172	92	5.76352
92	205	7.20936
205	92	7.20936
92	235	3.7448
235	92	3.7448
91	109	3.79998
109	91	3.79998
91	119	5.82056
119	91	5.82056
91	134	5.91728
134	91	5.91728
91	137	0.65782
137	91	0.65782
91	145	7.3811
145	91	7.3811
91	146	1.68826
146	91	1.68826
91	218	2.53456
218	91	2.53456
91	224	6.11506
224	91	6.11506
91	227	4.3152
227	91	4.3152
90	113	7.33336
113	90	7.33336
90	173	4.32326
173	90	4.32326
90	233	6.52054
233	90	6.52054
90	242	6.2713
242	90	6.2713
89	116	3.77518
116	89	3.77518
89	127	6.62284
127	89	6.62284
89	130	6.56208
130	89	6.56208
89	164	4.64628
164	89	4.64628
89	194	3.1682
194	89	3.1682
88	98	5.31154
98	88	5.31154
88	182	6.06298
182	88	6.06298
87	111	6.9378
111	87	6.9378
87	130	2.28408
130	87	2.28408
87	136	6.41204
136	87	6.41204
87	194	5.12926
194	87	5.12926
87	234	5.14724
234	87	5.14724
86	108	7.17836
108	86	7.17836
86	135	6.4139
135	86	6.4139
86	141	3.4968
141	86	3.4968
85	152	6.61044
152	85	6.61044
85	175	6.91114
175	85	6.91114
85	246	6.01276
246	85	6.01276
84	100	5.90984
100	84	5.90984
84	103	3.56314
103	84	3.56314
84	106	7.41706
106	84	7.41706
84	131	6.20868
131	84	6.20868
84	174	1.7174
174	84	1.7174
84	179	4.33628
179	84	4.33628
84	192	6.22108
192	84	6.22108
84	193	6.10328
193	84	6.10328
84	243	4.47702
243	84	4.47702
83	95	7.42884
95	83	7.42884
83	104	5.27682
104	83	5.27682
83	201	5.72756
201	83	5.72756
83	217	2.2909
217	83	2.2909
83	232	4.22344
232	83	4.22344
82	85	2.69328
85	82	2.69328
82	152	4.0858
152	82	4.0858
82	175	7.38668
175	82	7.38668
82	207	6.3798
207	82	6.3798
82	212	6.75056
212	82	6.75056
82	244	6.14606
244	82	6.14606
82	246	5.7443
246	82	5.7443
81	119	5.0995
119	81	5.0995
81	134	2.79496
134	81	2.79496
81	146	6.97748
146	81	6.97748
81	227	4.70456
227	81	4.70456
81	229	6.30292
229	81	6.30292
80	97	5.54156
97	80	5.54156
80	149	5.9613
149	80	5.9613
80	202	7.05932
202	80	7.05932
80	204	6.46226
204	80	6.46226
80	225	3.45774
225	80	3.45774
79	84	6.014
84	79	6.014
79	110	7.21246
110	79	7.21246
79	174	6.2682
174	79	6.2682
79	179	4.60722
179	79	4.60722
79	212	7.02336
212	79	7.02336
79	214	5.76228
214	79	5.76228
78	112	6.70654
112	78	6.70654
78	128	2.25246
128	78	2.25246
78	138	6.1721
138	78	6.1721
78	159	7.06118
159	78	7.06118
78	239	1.2803
239	78	1.2803
78	240	5.91232
240	78	5.91232
77	78	6.79892
78	77	6.79892
77	102	1.69694
102	77	1.69694
77	138	4.44602
138	77	4.44602
77	151	7.2943
151	77	7.2943
77	187	6.6061
187	77	6.6061
77	208	7.34576
208	77	7.34576
77	226	5.0685
226	77	5.0685
77	240	5.59922
240	77	5.59922
76	95	4.5694
95	76	4.5694
76	115	2.26796
115	76	2.26796
76	153	2.7249
153	76	2.7249
76	228	5.87078
228	76	5.87078
76	241	4.96248
241	76	4.96248
75	89	2.10428
89	75	2.10428
75	116	1.67772
116	75	1.67772
75	164	3.00452
164	75	3.00452
75	190	6.43994
190	75	6.43994
75	194	4.00024
194	75	4.00024
75	220	5.99478
220	75	5.99478
75	247	6.31842
247	75	6.31842
74	109	6.6526
109	74	6.6526
74	126	4.80438
126	74	4.80438
74	183	3.2178
183	74	3.2178
74	215	2.87866
215	74	2.87866
73	120	6.6805
120	73	6.6805
73	145	5.67238
145	73	5.67238
72	107	7.27322
107	72	7.27322
72	150	5.0902
150	72	5.0902
72	177	3.98908
177	72	3.98908
72	186	5.80258
186	72	5.80258
72	189	2.29772
189	72	2.29772
72	200	5.05796
200	72	5.05796
72	203	2.1514
203	72	2.1514
72	220	6.40398
220	72	6.40398
72	249	4.62024
249	72	4.62024
71	135	6.47776
135	71	6.47776
71	148	5.65502
148	71	5.65502
71	157	6.55588
157	71	6.55588
71	181	5.47894
181	71	5.47894
71	184	5.78212
184	71	5.78212
71	188	2.41428
188	71	2.41428
71	230	3.16696
230	71	3.16696
71	233	4.79136
233	71	4.79136
71	240	7.24346
240	71	7.24346
70	79	0.97712
79	70	0.97712
70	84	5.03998
84	70	5.03998
70	100	7.01158
100	70	7.01158
70	174	5.31588
174	70	5.31588
70	179	4.04736
179	70	4.04736
70	212	7.3129
212	70	7.3129
70	214	6.6557
214	70	6.6557
70	244	7.41334
244	70	7.41334
69	107	3.4968
107	69	3.4968
69	128	7.37552
128	69	7.37552
69	173	3.27484
173	69	3.27484
68	114	4.17632
114	68	4.17632
68	160	6.44056
160	68	6.44056
68	165	6.67678
165	68	6.67678
68	176	2.72552
176	68	2.72552
68	191	3.08884
191	68	3.08884
68	202	4.54398
202	68	4.54398
68	204	6.40832
204	68	6.40832
68	222	4.22282
222	68	4.22282
67	83	4.54956
83	67	4.54956
67	112	7.02522
112	67	7.02522
67	217	2.79062
217	67	2.79062
66	149	4.68782
149	66	4.68782
66	206	3.19548
206	66	3.19548
66	209	6.88634
209	66	6.88634
65	71	4.24266
71	65	4.24266
65	125	6.5317
125	65	6.5317
65	138	7.0494
138	65	7.0494
65	148	4.44044
148	65	4.44044
65	151	6.38848
151	65	6.38848
65	157	5.47956
157	65	5.47956
65	181	6.77164
181	65	6.77164
65	184	2.9698
184	65	2.9698
65	188	2.20224
188	65	2.20224
65	197	5.76662
197	65	5.76662
65	208	6.61974
208	65	6.61974
65	230	3.10434
230	65	3.10434
65	240	7.0773
240	65	7.0773
64	91	2.72428
91	64	2.72428
64	109	3.80928
109	64	3.80928
64	119	4.22406
119	64	4.22406
64	134	5.72694
134	64	5.72694
64	137	2.46574
137	64	2.46574
64	145	4.83042
145	64	4.83042
64	146	2.71808
146	64	2.71808
64	183	6.13676
183	64	6.13676
64	215	6.92788
215	64	6.92788
64	218	5.14476
218	64	5.14476
64	227	5.2638
227	64	5.2638
63	96	1.38322
96	63	1.38322
63	199	1.12902
199	63	1.12902
63	237	3.07644
237	63	3.07644
62	71	6.75862
71	62	6.75862
62	78	6.9068
78	62	6.9068
62	90	5.3537
90	62	5.3537
62	128	7.28128
128	62	7.28128
62	138	5.87636
138	62	5.87636
62	188	7.04134
188	62	7.04134
62	233	1.97904
233	62	1.97904
62	239	6.69848
239	62	6.69848
62	240	4.5911
240	62	4.5911
61	87	3.20106
87	61	3.20106
61	89	5.611
89	61	5.611
61	111	4.17818
111	61	4.17818
61	130	4.25754
130	61	4.25754
61	194	4.62892
194	61	4.62892
61	234	6.80574
234	61	6.80574
60	63	4.11494
63	60	4.11494
60	96	3.5278
96	60	3.5278
60	111	5.40144
111	60	5.40144
60	199	3.01816
199	60	3.01816
60	237	7.1889
237	60	7.1889
59	80	4.2439
80	59	4.2439
59	97	3.99404
97	59	3.99404
59	144	5.01208
144	59	5.01208
59	185	3.8037
185	59	3.8037
59	204	6.69352
204	59	6.69352
59	225	5.16212
225	59	5.16212
59	248	5.43306
248	59	5.43306
58	68	2.9729
68	58	2.9729
58	114	1.20714
114	58	1.20714
58	163	4.6035
163	58	4.6035
58	176	4.2439
176	58	4.2439
58	191	5.27434
191	58	5.27434
58	202	4.20236
202	58	4.20236
58	204	6.75242
204	58	6.75242
58	209	5.9148
209	58	5.9148
58	211	5.27062
211	58	5.27062
58	222	1.71058
222	58	1.71058
57	65	4.185
65	57	4.185
57	118	4.97488
118	57	4.97488
57	125	3.93638
125	57	3.93638
57	148	3.77704
148	57	3.77704
57	151	6.67926
151	57	6.67926
57	157	4.19926
157	57	4.19926
57	172	7.23726
172	57	7.23726
57	181	7.2602
181	57	7.2602
57	184	2.08816
184	57	2.08816
57	188	6.27626
188	57	6.27626
57	197	1.60146
197	57	1.60146
57	208	6.82124
208	57	6.82124
57	230	4.99038
230	57	4.99038
56	73	3.66916
73	56	3.66916
56	119	7.38792
119	56	7.38792
56	120	3.11674
120	56	3.11674
56	145	5.30224
145	56	5.30224
56	161	7.34762
161	56	7.34762
55	67	5.2731
67	55	5.2731
55	78	5.5521
78	55	5.5521
55	112	2.8458
112	55	2.8458
55	128	6.0419
128	55	6.0419
55	136	6.26882
136	55	6.26882
55	159	5.21668
159	55	5.21668
55	217	7.34824
217	55	7.34824
55	239	6.04128
239	55	6.04128
54	99	4.98294
99	54	4.98294
54	117	5.54032
117	54	5.54032
54	140	1.81164
140	54	1.81164
54	147	4.34186
147	54	4.34186
53	56	3.43604
56	53	3.43604
53	73	6.43064
73	53	6.43064
53	81	6.93098
81	53	6.93098
53	119	4.7244
119	53	4.7244
53	120	1.72484
120	53	1.72484
53	134	6.72762
134	53	6.72762
53	145	4.27924
145	53	4.27924
53	229	5.7753
229	53	5.7753
52	77	6.53046
77	52	6.53046
52	93	6.18326
93	52	6.18326
52	102	6.2806
102	52	6.2806
52	151	2.12164
151	52	2.12164
52	168	3.96056
168	52	3.96056
52	187	2.13714
187	52	2.13714
52	208	1.9437
208	52	1.9437
52	226	1.47808
226	52	1.47808
52	231	3.96304
231	52	3.96304
51	70	4.9538
70	51	4.9538
51	79	4.33008
79	51	4.33008
51	86	6.72514
86	51	6.72514
51	110	7.12442
110	51	7.12442
51	133	7.23912
133	51	7.23912
51	214	6.64206
214	51	6.64206
50	59	2.62012
59	50	2.62012
50	80	6.30726
80	50	6.30726
50	97	6.29548
97	50	6.29548
50	104	7.30608
104	50	7.30608
50	144	5.48762
144	50	5.48762
50	185	3.68404
185	50	3.68404
50	201	5.99726
201	50	5.99726
50	232	7.23354
232	50	7.23354
50	248	5.45724
248	50	5.45724
49	59	5.14352
59	49	5.14352
49	80	5.08152
80	49	5.08152
49	93	5.41818
93	49	5.41818
49	97	1.93502
97	49	1.93502
49	144	6.34508
144	49	6.34508
49	160	5.16708
160	49	5.16708
49	176	5.3382
176	49	5.3382
49	185	6.71646
185	49	6.71646
49	191	5.96936
191	49	5.96936
49	202	3.6425
202	49	3.6425
49	204	1.59216
204	49	1.59216
49	222	6.77474
222	49	6.77474
49	225	2.05468
225	49	2.05468
49	248	7.25896
248	49	7.25896
48	50	6.17396
50	48	6.17396
48	83	5.44484
83	48	5.44484
48	104	3.7231
104	48	3.7231
48	144	7.07234
144	48	7.07234
48	185	5.89
185	48	5.89
48	201	2.38142
201	48	2.38142
48	216	4.66922
216	48	4.66922
48	217	7.2602
217	48	7.2602
48	232	1.30758
232	48	1.30758
48	248	6.23534
248	48	6.23534
47	64	6.47528
64	47	6.47528
47	91	4.12796
91	47	4.12796
47	109	4.6531
109	47	4.6531
47	137	4.07278
137	47	4.07278
47	146	5.62402
146	47	5.62402
47	167	7.08164
167	47	7.08164
47	218	1.80668
218	47	1.80668
47	224	3.24756
224	47	3.24756
46	161	4.89304
161	46	4.89304
46	169	4.24948
169	46	4.24948
46	177	6.89316
177	46	6.89316
46	186	4.76718
186	46	4.76718
45	48	6.89874
48	45	6.89874
45	67	3.8595
67	45	3.8595
45	76	6.84294
76	45	6.84294
45	83	1.80172
83	45	1.80172
45	95	6.2837
95	45	6.2837
45	104	7.07854
104	45	7.07854
45	217	2.8117
217	45	2.8117
45	232	5.78026
232	45	5.78026
44	49	1.30634
49	44	1.30634
44	59	5.93526
59	44	5.93526
44	68	7.3966
68	44	7.3966
44	80	6.37422
80	44	6.37422
44	93	4.21166
93	44	4.21166
44	97	2.0863
97	44	2.0863
44	144	6.0543
144	44	6.0543
44	160	3.88616
160	44	3.88616
44	168	6.46846
168	44	6.46846
44	176	4.72006
176	44	4.72006
44	185	6.7859
185	44	6.7859
44	191	5.1088
191	44	5.1088
44	202	3.70202
202	44	3.70202
44	204	1.09988
204	44	1.09988
44	222	7.0494
222	44	7.0494
44	225	3.30832
225	44	3.30832
44	231	6.43808
231	44	6.43808
44	248	6.99856
248	44	6.99856
43	82	5.31712
82	43	5.31712
43	152	5.53846
152	43	5.53846
43	156	6.27564
156	43	6.27564
43	207	1.67896
207	43	1.67896
43	210	3.57306
210	43	3.57306
43	212	4.68348
212	43	4.68348
43	219	5.8311
219	43	5.8311
43	221	2.3343
221	43	2.3343
43	244	6.36988
244	43	6.36988
42	86	5.97618
86	42	5.97618
42	101	6.00656
101	42	6.00656
42	108	4.13168
108	42	4.13168
42	135	3.10496
135	42	3.10496
42	141	5.5056
141	42	5.5056
42	157	7.10954
157	42	7.10954
42	181	4.03372
181	42	4.03372
42	196	5.65006
196	42	5.65006
41	81	7.34948
81	41	7.34948
41	88	3.95188
88	41	3.95188
41	121	4.84592
121	41	4.84592
41	170	6.18326
170	41	6.18326
41	182	2.40436
182	41	2.40436
41	198	6.40026
198	41	6.40026
40	75	4.44292
75	40	4.44292
40	89	6.40398
89	40	6.40398
40	116	3.162
116	40	3.162
40	150	4.37162
150	40	4.37162
40	164	2.1049
164	40	2.1049
40	190	2.26238
190	40	2.26238
40	194	6.58688
194	40	6.58688
40	220	1.953
220	40	1.953
40	247	4.79942
247	40	4.79942
39	66	3.4658
66	39	3.4658
39	80	6.37174
80	39	6.37174
39	149	3.33684
149	39	3.33684
39	206	6.45544
206	39	6.45544
39	209	6.60548
209	39	6.60548
39	211	6.94958
211	39	6.94958
38	74	4.28234
74	38	4.28234
38	109	5.7319
109	38	5.7319
38	126	0.5239
126	38	0.5239
38	183	5.13298
183	38	5.13298
38	215	3.2798
215	38	3.2798
37	76	1.65788
76	37	1.65788
37	95	5.79824
95	37	5.79824
37	115	0.86676
115	37	0.86676
37	153	2.38452
153	37	2.38452
37	228	4.70952
228	37	4.70952
37	241	3.80618
241	37	3.80618
36	41	3.30398
41	36	3.30398
36	88	1.14142
88	36	1.14142
36	98	5.2793
98	36	5.2793
36	182	5.6141
182	36	5.6141
35	36	5.45848
36	35	5.45848
35	41	6.57572
41	35	6.57572
35	88	4.42804
88	35	4.42804
35	94	3.87748
94	35	3.87748
35	141	7.06056
141	35	7.06056
35	198	6.5999
198	35	6.5999
34	53	5.3103
53	34	5.3103
34	56	2.72738
56	34	2.72738
34	73	1.12344
73	34	1.12344
34	120	5.6265
120	34	5.6265
34	145	4.82608
145	34	4.82608
33	58	5.64324
58	33	5.64324
33	114	5.32766
114	33	5.32766
33	163	6.62036
163	33	6.62036
33	222	6.59928
222	33	6.59928
32	52	4.95256
52	32	4.95256
32	77	7.10892
77	32	7.10892
32	93	4.5942
93	32	4.5942
32	102	5.73562
102	32	5.73562
32	104	6.24712
104	32	6.24712
32	144	4.54646
144	32	4.54646
32	151	7.07296
151	32	7.07296
32	160	7.20874
160	32	7.20874
32	168	3.36908
168	32	3.36908
32	185	6.3023
185	32	6.3023
32	187	2.84828
187	32	2.84828
32	201	7.31662
201	32	7.31662
32	208	6.89502
208	32	6.89502
32	226	4.60102
226	32	4.60102
32	231	3.534
231	32	3.534
32	248	4.56754
248	32	4.56754
31	37	5.88194
37	31	5.88194
31	115	5.4126
115	31	5.4126
31	153	6.67678
153	31	6.67678
31	228	4.90606
228	31	4.90606
31	241	4.88002
241	31	4.88002
30	43	6.27812
43	30	6.27812
30	70	6.7177
70	30	6.7177
30	79	6.70716
79	30	6.70716
30	82	6.77412
82	30	6.77412
30	143	5.4188
143	30	5.4188
30	152	2.8303
152	30	2.8303
30	156	7.04568
156	30	7.04568
30	179	4.0734
179	30	4.0734
30	207	5.39896
207	30	5.39896
30	210	5.65688
210	30	5.65688
30	212	2.05468
212	30	2.05468
30	214	6.9936
214	30	6.9936
30	219	6.91052
219	30	6.91052
30	221	7.12752
221	30	7.12752
30	244	0.9145
244	30	0.9145
29	47	1.81102
47	29	1.81102
29	64	6.66624
64	29	6.66624
29	91	3.98598
91	29	3.98598
29	109	5.8528
109	29	5.8528
29	137	4.21786
137	29	4.21786
29	146	5.07842
146	29	5.07842
29	167	6.70902
167	29	6.70902
29	218	1.56488
218	29	1.56488
29	224	2.15574
224	29	2.15574
29	227	6.32896
227	29	6.32896
28	35	6.50194
35	28	6.50194
28	41	6.75924
41	28	6.75924
28	94	5.25574
94	28	5.25574
28	113	3.39946
113	28	3.39946
28	121	4.83662
121	28	4.83662
28	170	6.81194
170	28	6.81194
28	182	5.32208
182	28	5.32208
28	198	0.4805
198	28	0.4805
28	223	5.99974
223	28	5.99974
28	242	1.55186
242	28	1.55186
27	62	4.59978
62	27	4.59978
27	65	4.46834
65	27	4.46834
27	71	3.16634
71	27	3.16634
27	138	4.84468
138	27	4.84468
27	184	7.15728
184	27	7.15728
27	188	2.47318
188	27	2.47318
27	230	5.46654
230	27	5.46654
27	233	3.02746
233	27	3.02746
27	240	4.08022
240	27	4.08022
26	55	6.15846
55	26	6.15846
26	77	2.38948
77	26	2.38948
26	78	5.83606
78	26	5.83606
26	102	2.5978
102	26	2.5978
26	138	5.98548
138	26	5.98548
26	217	7.3842
217	26	7.3842
26	226	7.21928
226	26	7.21928
26	239	7.10582
239	26	7.10582
26	240	6.88014
240	26	6.88014
25	60	2.1111
60	25	2.1111
25	63	5.80692
63	25	5.80692
25	96	5.50498
96	25	5.50498
25	111	3.29158
111	25	3.29158
25	199	4.82298
199	25	4.82298
24	39	4.92962
39	24	4.92962
24	66	5.24334
66	24	5.24334
24	80	7.32468
80	24	7.32468
24	114	6.44614
114	24	6.44614
24	149	1.8073
149	24	1.8073
24	163	3.12108
163	24	3.12108
24	206	5.95324
206	24	5.95324
24	209	1.73724
209	24	1.73724
24	211	2.29152
211	24	2.29152
24	222	6.0977
222	24	6.0977
24	225	7.43752
225	24	7.43752
23	33	3.73984
33	23	3.73984
23	58	4.38464
58	23	4.38464
23	68	4.61094
68	23	4.61094
23	114	4.9352
114	23	4.9352
23	176	7.25958
176	23	7.25958
23	195	5.0158
195	23	5.0158
23	222	6.00904
222	23	6.00904
22	34	2.26796
34	22	2.26796
22	53	4.36046
53	22	4.36046
22	56	0.93496
56	22	0.93496
22	73	3.02002
73	22	3.02002
22	120	4.00768
120	22	4.00768
22	145	5.78088
145	22	5.78088
21	27	1.16126
27	21	1.16126
21	62	4.60288
62	21	4.60288
21	65	4.84282
65	21	4.84282
21	71	2.34484
71	21	2.34484
21	138	5.94828
138	21	5.94828
21	184	7.23292
184	21	7.23292
21	188	2.6536
188	21	2.6536
21	230	5.13112
230	21	5.13112
21	233	2.73358
233	21	2.73358
21	240	5.08834
240	21	5.08834
20	40	4.38216
40	20	4.38216
20	75	1.79614
75	20	1.79614
20	89	3.5278
89	20	3.5278
20	116	1.2989
116	20	1.2989
20	127	7.33894
127	20	7.33894
20	164	3.77456
164	20	3.77456
20	190	5.90798
190	20	5.90798
20	194	5.79638
194	20	5.79638
20	220	6.24464
220	20	6.24464
20	247	4.7895
247	20	4.7895
19	70	4.26064
70	19	4.26064
19	79	5.18568
79	19	5.18568
19	84	2.1948
84	19	2.1948
19	100	3.96614
100	19	3.96614
19	103	3.29778
103	19	3.29778
19	174	1.1935
174	19	1.1935
19	179	5.41446
179	19	5.41446
19	192	5.6327
192	19	5.6327
19	243	5.78026
243	19	5.78026
18	35	7.19758
35	18	7.19758
18	51	7.2199
51	18	7.2199
18	86	1.74406
86	18	1.74406
18	94	7.29864
94	18	7.29864
18	141	4.00892
141	18	4.00892
17	41	6.52178
41	17	6.52178
17	81	3.57306
81	17	3.57306
17	121	6.03136
121	17	6.03136
17	134	6.30602
134	17	6.30602
17	158	6.53604
158	17	6.53604
17	170	4.80872
170	17	4.80872
17	182	5.84226
182	17	5.84226
17	223	7.02894
223	17	7.02894
17	229	4.13912
229	17	4.13912
16	54	4.59172
54	16	4.59172
16	98	7.20626
98	16	7.20626
16	99	6.3302
99	16	6.3302
16	117	3.18308
117	16	3.18308
16	129	5.7815
129	16	5.7815
16	140	4.93024
140	16	4.93024
16	147	4.44602
147	16	4.44602
16	166	7.1145
166	16	7.1145
16	178	4.32822
178	16	4.32822
16	236	4.58056
236	16	4.58056
15	24	2.79434
24	15	2.79434
15	39	5.61162
39	15	5.61162
15	49	6.52178
49	15	6.52178
15	58	6.48644
58	15	6.48644
15	66	7.31414
66	15	7.31414
15	80	5.09454
80	15	5.09454
15	114	5.64448
114	15	5.64448
15	149	2.63872
149	15	2.63872
15	163	3.46518
163	15	3.46518
15	202	5.44732
202	15	5.44732
15	204	6.86588
204	15	6.86588
15	209	2.8396
209	15	2.8396
15	211	2.48
211	15	2.48
15	222	4.79012
222	15	4.79012
15	225	4.64876
225	15	4.64876
14	18	4.5477
18	14	4.5477
14	51	5.95386
51	14	5.95386
14	86	5.6699
86	14	5.6699
14	129	6.65694
129	14	6.65694
14	133	4.12238
133	14	4.12238
14	166	5.01952
166	14	5.01952
13	19	5.53474
19	13	5.53474
13	100	1.5872
100	13	1.5872
13	103	5.41942
103	13	5.41942
13	129	6.72266
129	13	6.72266
13	133	3.87934
133	13	3.87934
13	162	7.19324
162	13	7.19324
13	174	5.81374
174	13	5.81374
13	192	5.03936
192	13	5.03936
12	28	3.73984
28	12	3.73984
12	35	3.76898
35	12	3.76898
12	36	4.99596
36	12	4.99596
12	41	3.94568
41	12	3.94568
12	88	4.62582
88	12	4.62582
12	94	5.10818
94	12	5.10818
12	113	6.14172
113	12	6.14172
12	121	5.29604
121	12	5.29604
12	170	7.38916
170	12	7.38916
12	182	3.94382
182	12	3.94382
12	198	3.60034
198	12	3.60034
12	242	5.24334
242	12	5.24334
11	30	5.38718
30	11	5.38718
11	43	6.32896
43	11	6.32896
11	82	2.28594
82	11	2.28594
11	85	4.29536
85	11	4.29536
11	143	5.39896
143	11	5.39896
11	152	2.5668
152	11	2.5668
11	175	6.1597
175	11	6.1597
11	207	6.88262
207	11	6.88262
11	212	6.02392
212	11	6.02392
11	244	4.58614
244	11	4.58614
11	246	4.14036
246	11	4.14036
10	105	6.83736
105	10	6.83736
10	106	7.42512
106	10	7.42512
10	123	0.54932
123	10	0.54932
10	175	4.60598
175	10	4.60598
10	246	6.18574
246	10	6.18574
9	23	2.18612
23	9	2.18612
9	33	5.09392
33	9	5.09392
9	58	6.44676
58	9	6.44676
9	68	5.95448
68	9	5.95448
9	114	7.0959
114	9	7.0959
9	142	6.7921
142	9	6.7921
9	195	2.8427
195	9	2.8427
8	11	2.91958
11	8	2.91958
8	30	2.4707
30	8	2.4707
8	43	5.78708
43	8	5.78708
8	82	4.51732
82	8	4.51732
8	85	7.02522
85	8	7.02522
8	143	4.61094
143	8	4.61094
8	152	0.43524
152	8	0.43524
8	179	5.91046
179	8	5.91046
8	207	5.58682
207	8	5.58682
8	210	6.60982
210	8	6.60982
8	212	3.47448
212	8	3.47448
8	221	7.3749
221	8	7.3749
8	244	1.68082
244	8	1.68082
8	246	6.01958
246	8	6.01958
7	42	7.20192
42	7	7.20192
7	57	4.2129
57	7	4.2129
7	65	5.7257
65	7	5.7257
7	71	6.87642
71	7	6.87642
7	101	6.55774
101	7	6.55774
7	125	1.51404
125	7	1.51404
7	148	1.3485
148	7	1.3485
7	157	0.31992
157	7	0.31992
7	181	3.58236
181	7	3.58236
7	184	3.08512
184	7	3.08512
7	188	6.80884
188	7	6.80884
7	197	4.33008
197	7	4.33008
7	230	3.78634
230	7	3.78634
6	16	2.80798
16	6	2.80798
6	54	6.9657
54	6	6.9657
6	98	6.13366
98	6	6.13366
6	99	6.83364
99	6	6.83364
6	117	5.46902
117	6	5.46902
6	129	3.32506
129	6	3.32506
6	140	6.71398
140	6	6.71398
6	147	4.91288
147	6	4.91288
6	166	4.33876
166	6	4.33876
6	178	4.34434
178	6	4.34434
6	236	3.44472
236	6	3.44472
5	26	2.07762
26	5	2.07762
5	32	6.85348
32	5	6.85348
5	55	6.90122
55	5	6.90122
5	67	6.7456
67	5	6.7456
5	77	3.4131
77	5	3.4131
5	102	2.37708
102	5	2.37708
5	104	7.17588
104	5	7.17588
5	217	5.86396
217	5	5.86396
5	226	7.08846
226	5	7.08846
4	5	6.93408
5	4	6.93408
4	26	5.17514
26	4	5.17514
4	55	3.9835
55	4	3.9835
4	77	6.65446
77	4	6.65446
4	78	1.58658
78	4	1.58658
4	112	5.42562
112	4	5.42562
4	128	2.94562
128	4	2.94562
4	138	7.0525
138	4	7.0525
4	159	6.27068
159	4	6.27068
4	239	2.40746
239	4	2.40746
4	240	7.03328
240	4	7.03328
3	37	5.27744
37	3	5.27744
3	45	7.37924
45	3	7.37924
3	67	6.0295
67	3	6.0295
3	76	5.00278
76	3	5.00278
3	115	6.11382
115	3	6.11382
3	153	2.97538
153	3	2.97538
3	228	4.7337
228	3	4.7337
3	241	4.35488
241	3	4.35488
2	14	5.4343
14	2	5.4343
2	18	4.6035
18	2	4.6035
2	42	7.10272
42	2	7.10272
2	51	3.15146
51	2	3.15146
2	79	7.29058
79	2	7.29058
2	86	3.7076
86	2	3.7076
2	108	5.96874
108	2	5.96874
2	110	7.28252
110	2	7.28252
2	141	7.05126
141	2	7.05126
1	72	4.03372
72	1	4.03372
1	107	4.64008
107	1	4.64008
1	130	6.32586
130	1	6.32586
1	150	6.76296
150	1	6.76296
1	164	6.84418
164	1	6.84418
1	189	5.94084
189	1	5.94084
1	194	6.86278
194	1	6.86278
1	200	5.921
200	1	5.921
1	203	5.31154
203	1	5.31154
1	220	6.46536
220	1	6.46536
0	15	3.54578
15	0	3.54578
